Max_k= 366 N=2 p in: 1-1000001 :: 111.88693404559211270 , x^4 + 43*x^3 + 306893*x^2 - 176631884*x + 24430830023
Max_k= 346 N=2 p in: 1-1000001 :: 112.29862406723016816 , x^4 + 676*x^3 + 895650*x^2 + 269338738*x + 166312016453
Max_k= 392 N=2 p in: 1-1000001 :: 112.03105583669830871 , x^4 - 1038*x^3 + 833555*x^2 - 340861399*x + 87959093080
Max_k= 376 N=2 p in: 1-1000001 :: 111.55835707756843462 , x^4 - 582*x^3 + 564612*x^2 - 174836399*x + 49241250073
